3.00	-3.0
3.00	-3.0
3.00	-3.2
3.00	-3.2
3.00	-3.2
3.00	-3.2
3.00	-3.2
3.00	-3.3
3.00	-3.2
3.00	-3.2
3.00	-3.2
3.00	-3.3
3.00	-3.3
3.00	-3.4
3.00	-3.3
2.98	-3.3
2.98	-3.3
2.98	-3.3
2.95	-3.3
2.93	-3.3
2.91	-3.3
2.90	-3.3
2.85	-3.3
2.78	-3.4
2.69	-3.3
2.56	-3.4
2.49	-3.4
2.37	-3.3
2.27	-3.3
2.23	-3.4
2.23	-3.3
2.22	-3.3
2.18	-3.4
2.13	-3.4
2.11	-3.4
2.11	-3.4
2.10	-3.3
2.08	-3.3
2.08	-3.4
2.08	-3.4
2.08	-3.4
2.08	-3.4
2.06	-3.4
2.06	-3.4
2.06	-3.3
2.06	-3.4
2.06	-3.3
2.06	-3.3
2.06	-3.4
2.05	-3.4
2.05	-3.3
2.05	-3.4
2.05	-3.4
2.05	-3.4
2.05	-3.3
2.03	-3.4
2.03	-3.4
2.03	-3.4
2.03	-3.5
2.03	-3.4
2.03	-3.3
2.03	-3.5
2.03	-3.4
2.03	-3.3
2.01	-3.3
2.01	-3.4
2.01	-3.4
2.01	-3.4
2.01	-3.4
2.01	-3.4
2.01	-3.4
2.01	-3.4
2.01	-3.5
2.01	-3.5
2.01	-3.4
2.01	-3.4
2.01	-3.5
2.00	-3.5
2.00	-3.4
2.00	-3.4
2.00	-3.4
2.00	-3.5
2.00	-3.5
2.00	-3.5
2.00	-3.4
2.00	-3.4
2.00	-3.5
2.00	-3.4
2.00	-3.5
2.00	-3.5
2.00	-3.5
1.98	-3.5
1.98	-3.4
1.98	-3.4
1.98	-3.5
1.98	-3.5
1.98	-3.4
1.98	-3.5
1.98	-3.5
1.98	-3.5
1.98	-3.5
1.98	-3.5
1.98	-3.5
1.98	-3.4
1.98	-3.6
1.98	-3.5
1.96	-3.5
1.96	-3.5
1.96	-3.6
1.96	-3.6
1.96	-3.7
1.96	-3.7
1.96	-3.6
1.96	-3.6
1.96	-3.7
1.96	-3.6
1.96	-3.6
1.96	-3.8
1.94	-3.8
1.94	-3.8
1.94	-3.7
1.94	-3.7
1.94	-3.6
1.94	-3.8
1.94	-3.8
1.93	-3.7
1.93	-3.7
1.93	-3.7
1.93	-3.7
1.93	-3.8
1.93	-3.8
1.93	-3.8
1.91	-3.8
1.91	-3.9
1.86	-3.9
1.81	-4.0
1.74	-3.9
1.69	-4.0
1.65	-4.0
1.54	-4.0
1.43	-4.0
1.37	-4.0
1.30	-4.0
1.28	-4.0
1.28	-4.0
1.26	-4.1
1.25	-4.1
1.23	-4.1
1.21	-4.2
1.20	-4.2
1.18	-4.1
1.09	-4.1
1.02	-4.2
0.97	-4.1
0.89	-4.1
0.85	-4.2
0.82	-4.2
0.75	-4.3
0.63	-4.2
0.48	-4.2
0.31	-4.3
0.22	-4.3
0.17	-4.3
0.16	-4.2
0.16	-4.2
0.16	-4.4
0.11	-4.3
0.02	-4.3
0.00	-4.3
-0.08	-4.3
-0.15	-4.3
-0.20	-4.2
-0.22	-4.3
-0.24	-4.3
-0.25	-4.3
-0.25	-4.3
-0.25	-4.2
-0.27	-4.4
-0.29	-4.3
-0.30	-4.3
-0.34	-4.3
-0.39	-4.2
-0.42	-4.1
-0.42	-4.0
-0.42	-4.0
-0.44	-3.9
-0.46	-3.8
-0.49	-3.7
-0.54	-3.4
-0.56	-2.9
-0.58	-2.6
-0.63	-2.2
-0.64	-1.4
-0.71	-0.6
-0.81	0.9
-0.88	2.1
-1.04	3.3
-1.22	4.9
-1.32	6.9
-1.39	8.6
-1.41	10.1
-1.43	11.1
-1.44	11.7
-1.44	12.3
-1.46	12.9
-1.46	13.6
-1.48	14.4
-1.50	15.1
-1.51	15.9
-1.51	16.4
-1.51	16.8
-1.53	17.3
-1.55	17.6
-1.56	18.2
-1.58	19.0
-1.58	19.9
-1.60	21.0
-1.61	22.2
-1.63	23.2
-1.63	24.5
-1.63	25.8
-1.65	27.1
-1.67	28.4
-1.68	30.5
-1.68	33.1
-1.68	35.2
-1.70	36.5
-1.70	38.0
-1.72	41.3
-1.72	46.3
-1.72	51.0
-1.72	54.8
-1.72	57.2
-1.73	58.7
-1.73	59.8
-1.73	60.6
-1.73	61.7
-1.73	63.2
-1.73	65.5
-1.73	68.4
-1.73	70.5
-1.73	72.2
-1.75	73.4
-1.75	75.3
-1.75	78.7
-1.77	82.8
-1.78	87.2
-1.80	91.2
-1.80	97.0
-1.80	105.4
-1.82	116.5
-1.82	130.0
-1.84	144.0
-1.84	153.7
-1.85	159.1
-1.85	162.2
-1.85	163.7
-1.85	164.4
-1.87	165.7
-1.89	167.2
-1.94	169.3
-1.97	171.5
-2.01	173.0
-2.02	173.5
-2.06	173.9
-2.11	173.6
-2.16	172.4
-2.24	171.1
-2.28	168.9
-2.30	166.5
-2.31	164.9
-2.33	164.0
-2.41	162.0
-2.60	156.7
-2.74	144.2
-2.79	131.2
-2.79	122.0
-2.79	116.9
-2.81	113.8
-2.82	108.6
-2.82	104.0
-2.84	101.4
-2.86	99.2
-2.86	96.9
-2.87	94.6
-2.87	92.5
-2.87	91.2
-2.87	90.7
-2.87	90.3
-2.87	90.2
-2.87	90.1
-2.87	90.2
-2.87	90.1
-2.87	89.7
-2.89	88.6
-2.89	87.0
-2.91	84.9
-2.94	82.2
-2.96	78.2
-2.96	74.5
-2.96	70.2
-2.98	66.3
-2.98	61.7
-3.03	56.4
-3.11	50.9
-3.18	45.1
-3.20	40.0
-3.20	36.4
-3.21	34.2
-3.21	31.7
-3.21	29.0
-3.23	25.5
-3.27	21.3
-3.28	17.9
-3.28	15.4
-3.28	13.4
-3.28	11.5
-3.30	9.6
-3.30	7.6
-3.30	5.8
-3.30	3.8
-3.30	2.1
-3.30	0.9
-3.30	-0.2
-3.30	-0.6
-3.30	-1.1
-3.32	-1.5
-3.32	-1.8
-3.32	-2.2
-3.32	-2.7
-3.32	-3.1
-3.32	-3.7
-3.33	-4.2
-3.33	-4.5
-3.33	-4.8
-3.33	-4.9
-3.35	-5.1
-3.42	-5.1
-3.52	-5.2
-3.54	-5.2
-3.54	-5.3
-3.54	-5.4
-3.54	-5.3
-3.56	-5.3
-3.57	-5.3
-3.57	-5.4
-3.59	-5.5
-3.61	-5.3
-3.62	-5.4
-3.62	-5.4
-3.62	-5.5
-3.62	-5.4
-3.62	-5.4
-3.62	-5.4
-3.62	-5.4
-3.64	-5.4
-3.64	-5.4
-3.66	-5.5
-3.66	-5.5
-3.66	-5.5
-3.66	-5.5
-3.67	-5.5
-3.67	-5.6
-3.69	-5.6
-3.71	-5.6
-3.73	-5.6
-3.74	-5.6
-3.76	-5.6
-3.78	-5.5
-3.81	-5.6
-3.83	-5.7
-3.84	-5.6
-3.84	-5.6
-3.86	-5.7
-3.86	-5.6
-3.88	-5.8
-3.90	-5.7
-3.91	-5.7
-3.93	-5.7
-4.02	-5.7
-4.10	-5.7
-4.20	-5.7
-4.27	-5.8
-4.29	-5.7
-4.37	-5.8
-4.47	-5.7
-4.59	-5.7
-4.66	-5.7
-4.66	-5.7
-4.68	-5.7
-4.68	-5.8
-4.68	-5.8
-4.70	-5.7
-4.73	-5.7
-4.78	-5.8
-4.83	-5.7
-4.85	-5.7
-4.87	-5.7
-4.88	-5.7
-4.90	-5.7
-4.92	-5.8
-4.93	-5.8
-4.99	-5.8
-5.04	-5.7
-5.09	-5.8
-5.10	-5.8
-5.14	-5.8
-5.17	-5.8
-5.24	-5.7
-5.28	-5.7
-5.31	-5.7
-5.33	-5.8
-5.33	-5.7
-5.33	-5.8
-5.34	-5.7
-5.36	-5.7
-5.39	-5.7
-5.43	-5.7
-5.43	-5.7
-5.46	-5.8
-5.53	-5.7
-5.63	-5.7
-5.73	-5.7
-5.85	-5.7
-5.91	-5.7
-5.99	-5.7
-6.02	-5.7
-6.08	-5.9
-6.11	-5.8
-6.13	-5.7
-6.18	-5.8
-6.18	-5.9
-6.19	-5.8
-6.23	-5.8
-6.26	-5.7
-6.30	-5.8
-6.36	-5.9
-6.38	-5.8
-6.40	-5.8
-6.43	-5.8
-6.45	-5.8
-6.45	-5.9
-6.47	-5.8
-6.52	-5.8
-6.55	-5.8
-6.59	-5.9
-6.60	-5.7
-6.67	-5.8
-6.79	-5.7
-7.01	-5.8
-7.25	-5.8
-7.44	-5.8
-7.62	-5.8
-7.76	-5.7
-7.93	-5.7
-8.17	-5.8
-8.44	-5.7
-8.71	-5.8
-8.99	-5.8
-9.24	-5.8
-9.50	-5.8
-9.70	-5.7
-9.82	-5.7
-10.03	-5.6
-10.28	-5.7
-10.52	-5.7
-10.79	-5.7
-11.10	-5.7
-11.44	-5.7
-11.78	-5.6
-12.09	-5.7
-12.41	-5.7
-12.77	-5.7
-13.06	-5.7
-13.24	-5.7
-13.41	-5.7
-13.64	-5.6
-13.74	-5.7
-13.91	-5.7
-14.13	-5.7
-14.33	-5.7
-14.59	-5.6
-14.83	-5.6
-15.10	-5.7
-15.36	-5.7
-15.63	-5.6
-15.80	-5.6
-16.00	-5.7
-16.27	-5.6
-16.50	-5.5
-16.70	-5.6
-16.90	-5.6
-17.11	-5.6
-17.33	-5.6
-17.57	-5.6
-17.74	-5.6
-17.99	-5.6
-18.28	-5.6
-18.47	-5.6
-18.66	-5.5
-18.83	-5.6
-18.90	-5.5
-18.93	-5.5
-18.96	-5.6
-19.02	-5.6
-19.15	-5.7
-19.22	-5.6
-19.25	-5.6
-19.36	-5.6
-19.59	-5.6
-19.95	-5.6
-20.31	-5.5
-20.70	-5.6
-21.03	-5.6
-21.31	-5.5
-21.52	-5.6
-21.60	-5.5
-21.71	-5.5
-21.86	-5.4
-22.00	-5.4
-22.13	-5.5
-22.17	-5.5
-22.20	-5.5
-22.29	-5.5
-22.49	-5.5
-22.83	-5.5
-23.15	-5.4
-23.39	-5.4
-23.73	-5.4
-24.00	-5.4
-24.26	-5.4
-24.67	-5.4
-25.25	-5.4
-25.89	-5.4
-26.46	-5.4
-26.80	-5.3
-26.93	-5.3
-26.98	-5.3
-27.04	-5.3
-27.12	-5.3
-27.26	-5.3
-27.43	-5.3
-27.67	-5.3
-27.96	-5.3
-28.28	-5.3
-28.70	-5.2
-29.20	-5.2
-29.57	-5.2
-29.85	-5.2
-29.98	-5.2
-30.08	-5.1
-30.24	-5.1
-30.51	-5.0
-30.70	-5.1
-31.07	-5.0
-31.63	-5.1
-32.06	-5.1
-32.35	-5.1
-32.57	-5.0
-32.76	-5.0
-32.96	-5.1
-33.28	-5.0
-33.59	-5.0
-33.85	-5.0
-34.17	-5.0
-34.54	-4.9
-34.83	-4.9
-34.99	-4.9
-35.11	-4.9
-35.24	-4.9
-35.33	-4.9
-35.41	-4.9
-35.62	-4.9
-35.92	-4.9
-36.20	-4.8
-36.54	-4.9
-36.88	-4.9
-37.12	-4.8
-37.22	-4.8
-37.29	-4.8
-37.39	-4.8
-37.58	-4.7
-38.00	-4.7
-38.58	-4.7
-39.01	-4.6
-39.33	-4.6
-39.58	-4.6
-39.86	-4.5
-40.15	-4.6
-40.54	-4.6
-40.86	-4.5
-41.05	-4.6
-41.19	-4.5
-41.39	-4.5
-41.71	-4.5
-41.92	-4.5
-42.10	-4.4
-42.22	-4.4
-42.27	-4.4
-42.36	-4.3
-42.46	-4.3
-42.65	-4.3
-42.92	-4.2
-43.23	-4.2
-43.48	-4.2
-43.72	-4.1
-43.89	-4.0
-44.08	-4.1
-44.32	-4.0
-44.57	-4.0
-44.83	-3.9
-45.07	-3.9
-45.20	-3.8
-45.25	-3.8
-45.29	-3.7
-45.32	-3.6
-45.36	-3.6
-45.41	-3.5
-45.56	-3.4
-45.78	-3.1
-45.99	-0.8
-46.19	37.6
-46.26	151.7
-46.36	152.0
-46.41	84.8
-46.45	47.0
-46.55	25.6
-46.65	12.9
-46.80	6.0
-46.91	2.4
-46.92	0.4
-46.94	-0.7
-46.94	-1.2
-46.94	-1.5
-46.96	-1.5
-46.96	-1.5
-46.96	-1.7
-46.94	-1.7
-46.94	-1.8
-46.94	-1.9
-46.94	-1.8
-46.94	-1.8
-46.94	-1.8
-46.94	-1.9
-46.94	-1.9
-46.94	-2.0
-46.94	-2.1
-46.94	-2.0
-46.94	-2.1
-46.94	-2.1
-46.94	-2.1
-46.94	-2.2
-46.94	-2.2
-46.94	-2.2
-46.94	-2.1
-46.94	-2.1
-46.94	-2.1
-46.94	-2.1
-46.94	-2.1
-46.94	-2.2
-46.94	-2.2
-46.94	-2.2
-46.94	-2.2
-46.94	-2.2
-46.94	-2.2
-46.94	-2.2
-46.94	-2.2
-46.94	-2.2
-46.94	-2.1
-46.94	-2.2
-46.94	-2.2
-46.94	-2.2
-46.94	-2.1
-46.94	-2.1
-46.94	-2.2
-46.94	-2.1
-46.94	-2.1
-46.94	-2.2
-46.94	-2.2
-46.94	-2.1
-46.94	-2.1
-46.94	-2.2
-46.94	-2.1
-46.94	-2.2
-46.94	-2.1
-46.94	-2.1
-46.94	-2.1
-46.94	-2.1
-46.94	-2.1
-46.94	-2.1
-46.94	-2.1
-46.94	-2.1
-46.94	-2.1
-46.94	-2.1
-46.94	-2.1
-46.94	-2.1
-46.94	-2.0
-46.94	-2.1
-46.94	-2.1
-46.94	-2.1
-46.94	-2.1
-46.94	-2.0
-46.94	-2.0
-46.94	-2.1
-46.94	-2.2
-46.94	-2.1
-46.94	-2.1
-46.94	-2.0
-46.94	-2.1
-46.94	-2.0
-46.94	-2.1
-46.94	-2.1
-46.94	-2.0
-46.94	-2.0
-46.94	-2.1
-46.94	-2.1
-46.94	-2.1
-46.94	-2.1
-46.94	-2.2
-46.94	-2.1
-46.94	-2.1
-46.94	-2.1
