379.792	1.848
380.066	1.856
380.341	1.848
380.615	1.832
380.891	1.815
381.166	1.823
381.443	1.848
381.719	1.864
381.996	1.856
382.274	1.848
382.552	1.848
382.831	1.856
383.109	1.864
383.389	1.88
383.669	1.897
383.949	1.921
384.229	1.954
384.51	2.002
384.792	2.035
385.073	2.051
385.356	2.059
385.638	2.076
385.921	2.1
386.204	2.125
386.488	2.141
386.772	2.157
387.056	2.173
387.341	2.182
387.626	2.19
387.911	2.206
388.197	2.222
388.483	2.23
388.769	2.222
389.056	2.239
389.343	2.271
389.63	2.304
389.918	2.336
390.205	2.361
390.494	2.401
390.782	2.434
391.071	2.483
391.36	2.54
391.649	2.621
391.938	2.686
392.228	2.743
392.518	2.759
392.808	2.776
393.099	2.776
393.39	2.776
393.681	2.751
393.972	2.727
394.263	2.702
394.555	2.678
394.847	2.654
395.139	2.629
395.431	2.629
395.724	2.629
396.017	2.646
396.31	2.654
396.603	2.654
396.896	2.662
397.19	2.678
397.483	2.711
397.777	2.743
398.071	2.784
398.366	2.833
398.66	2.873
398.954	2.939
399.249	3.053
399.544	3.232
399.839	3.46
400.134	3.704
400.43	3.972
400.725	4.257
401.021	4.599
401.316	4.949
401.612	5.332
401.908	5.755
402.204	6.431
402.501	7.538
402.797	9.101
403.094	10.859
403.39	13.04
403.687	15.433
403.984	18.006
404.281	21.49
404.578	26.504
404.875	32.772
405.172	38.698
405.469	43.435
405.767	46.219
406.064	45.934
406.362	42.027
406.659	35.783
406.957	29.027
407.255	22.873
407.553	18.055
407.851	14.766
408.149	12.975
408.447	12.015
408.745	11.534
409.043	11.249
409.341	10.631
409.64	9.312
409.938	7.521
410.237	5.869
410.535	4.778
410.833	4.184
411.132	3.826
411.431	3.582
411.729	3.451
412.028	3.394
412.326	3.329
412.625	3.199
412.924	3.069
413.223	2.955
413.521	2.898
413.82	2.873
414.119	2.841
414.418	2.768
414.717	2.662
415.016	2.613
415.315	2.629
415.613	2.67
415.912	2.686
416.211	2.678
416.51	2.67
416.809	2.662
417.108	2.654
417.407	2.646
417.706	2.637
418.005	2.646
418.303	2.67
418.602	2.711
418.901	2.751
419.2	2.8
419.499	2.841
419.798	2.873
420.096	2.898
420.395	2.922
420.694	2.963
420.993	3.004
421.291	3.069
421.59	3.142
421.889	3.207
422.187	3.256
422.486	3.289
422.785	3.305
423.083	3.305
423.382	3.313
423.68	3.337
423.978	3.386
424.277	3.443
424.575	3.516
424.874	3.598
425.172	3.679
425.47	3.761
425.768	3.85
426.066	3.964
426.364	4.103
426.662	4.217
426.96	4.298
427.258	4.363
427.556	4.469
427.854	4.591
428.152	4.713
428.45	4.811
428.747	4.941
429.045	5.071
429.342	5.226
429.64	5.421
429.937	5.69
430.235	6.04
430.532	6.455
430.829	6.886
431.126	7.375
431.424	7.928
431.721	8.751
432.018	9.988
432.315	11.819
432.611	14.457
432.908	18.087
433.205	22.8
433.502	29.198
433.798	37.737
434.095	48.718
434.391	62.295
434.688	76.231
434.984	86.406
435.28	90.859
435.576	90.509
435.872	88.449
436.168	84.265
436.464	76.956
436.76	65.267
437.056	50.273
437.351	36.353
437.647	26.781
437.943	21.97
438.238	19.292
438.533	17.428
438.829	15.376
439.124	13.252
439.419	11.217
439.714	9.866
440.009	8.881
440.304	7.888
440.599	6.976
440.893	6.203
441.188	5.6
441.483	5.275
441.777	5.039
442.071	4.746
442.366	4.436
442.66	4.176
442.954	4.013
443.248	3.932
443.542	3.875
443.836	3.793
444.13	3.63
444.423	3.443
444.717	3.256
445.011	3.077
445.304	2.89
445.597	2.751
445.891	2.678
446.184	2.654
446.477	2.629
446.77	2.597
447.063	2.564
447.356	2.523
447.648	2.458
447.941	2.409
448.233	2.385
448.526	2.385
448.818	2.369
449.11	2.336
449.403	2.32
449.695	2.295
449.987	2.287
450.279	2.271
450.57	2.271
450.862	2.279
451.154	2.279
451.445	2.279
451.737	2.263
452.028	2.239
452.32	2.214
452.611	2.198
452.902	2.206
453.193	2.222
453.484	2.239
453.775	2.247
454.065	2.255
454.356	2.279
454.647	2.32
454.937	2.361
455.227	2.401
455.518	2.426
455.808	2.442
456.098	2.442
456.388	2.434
456.678	2.434
456.968	2.426
457.258	2.434
457.547	2.434
457.837	2.434
458.127	2.418
458.416	2.409
458.705	2.409
458.995	2.434
459.284	2.466
459.573	2.491
459.862	2.515
460.151	2.523
460.439	2.54
460.728	2.548
461.017	2.556
461.305	2.548
461.594	2.515
461.882	2.483
462.171	2.458
462.459	2.434
462.747	2.409
463.035	2.385
463.323	2.369
463.611	2.344
463.899	2.328
464.186	2.32
464.474	2.328
464.761	2.369
465.049	2.409
465.336	2.434
465.624	2.418
465.911	2.393
466.198	2.377
466.485	2.361
466.772	2.336
467.059	2.304
467.346	2.279
467.633	2.271
467.919	2.263
468.206	2.255
468.492	2.247
468.779	2.247
469.065	2.247
469.351	2.263
469.638	2.271
469.924	2.271
470.21	2.247
470.496	2.222
470.782	2.206
471.068	2.198
471.353	2.19
471.639	2.173
471.925	2.157
472.21	2.157
472.496	2.157
472.781	2.157
473.066	2.149
473.352	2.157
473.637	2.149
473.922	2.133
474.207	2.1
474.492	2.084
474.777	2.084
475.062	2.084
475.346	2.076
475.631	2.051
475.916	2.043
476.2	2.035
476.485	2.035
476.769	2.035
477.054	2.043
477.338	2.043
477.622	2.027
477.906	2.002
478.19	1.994
478.474	1.994
478.758	1.994
479.042	1.994
479.326	1.986
479.61	1.978
479.894	1.97
480.177	1.978
480.461	1.986
480.745	1.994
481.028	1.994
481.312	1.994
481.595	1.978
481.878	1.962
482.161	1.962
482.445	1.97
482.728	1.986
483.011	2.002
483.294	2.019
483.577	2.035
483.86	2.043
484.143	2.068
484.426	2.092
484.708	2.116
484.991	2.125
485.274	2.125
485.556	2.133
485.839	2.133
486.121	2.149
486.404	2.157
486.686	2.173
486.969	2.19
487.251	2.239
487.533	2.312
487.815	2.401
488.098	2.54
488.38	2.759
488.662	3.069
488.944	3.378
489.226	3.573
489.508	3.614
489.79	3.525
490.072	3.386
490.353	3.158
490.635	2.841
490.917	2.548
491.198	2.352
491.48	2.295
491.762	2.279
492.043	2.279
492.325	2.304
492.606	2.344
492.888	2.418
493.169	2.483
493.45	2.54
493.732	2.564
494.013	2.589
494.294	2.605
494.576	2.605
494.857	2.572
495.138	2.507
495.419	2.466
495.7	2.426
495.981	2.401
496.262	2.377
496.543	2.361
496.824	2.352
497.105	2.352
497.386	2.369
497.667	2.385
497.947	2.393
498.228	2.393
498.509	2.385
498.79	2.377
499.07	2.377
499.351	2.377
499.632	2.369
499.912	2.361
500.193	2.377
500.473	2.409
500.754	2.418
501.034	2.409
501.315	2.409
501.595	2.434
501.876	2.466
502.156	2.507
502.436	2.54
502.717	2.572
502.997	2.58
503.277	2.597
503.558	2.605
503.838	2.621
504.118	2.637
504.398	2.654
504.679	2.654
504.959	2.629
505.239	2.605
505.519	2.58
505.799	2.564
506.079	2.548
506.359	2.54
506.639	2.548
506.919	2.548
507.2	2.54
507.48	2.532
507.76	2.523
508.04	2.532
508.319	2.548
508.599	2.589
508.879	2.629
509.159	2.662
509.439	2.686
509.719	2.711
509.999	2.727
510.279	2.727
510.559	2.711
510.839	2.686
511.118	2.67
511.398	2.662
511.678	2.662
511.958	2.646
512.238	2.621
512.517	2.597
512.797	2.597
513.077	2.605
513.357	2.621
513.636	2.629
513.916	2.646
514.196	2.662
514.476	2.662
514.755	2.646
515.035	2.605
515.315	2.572
515.594	2.523
515.874	2.491
516.154	2.442
516.434	2.409
516.713	2.369
516.993	2.361
517.273	2.361
517.552	2.385
517.832	2.409
518.112	2.45
518.391	2.499
518.671	2.548
518.95	2.572
519.23	2.564
519.51	2.54
519.789	2.507
520.069	2.466
520.349	2.409
520.628	2.361
520.908	2.32
521.188	2.304
521.467	2.295
521.747	2.295
522.027	2.287
522.306	2.279
522.586	2.271
522.866	2.271
523.145	2.263
523.425	2.263
523.705	2.271
523.984	2.295
524.264	2.328
524.544	2.369
524.823	2.409
525.103	2.45
525.383	2.491
525.662	2.532
525.942	2.572
526.222	2.605
526.501	2.613
526.781	2.613
527.061	2.613
527.34	2.637
527.62	2.662
527.9	2.694
528.18	2.735
528.459	2.784
528.739	2.849
529.019	2.922
529.299	2.996
529.578	3.093
529.858	3.215
530.138	3.378
530.418	3.59
530.698	3.867
530.977	4.192
531.257	4.534
531.537	4.819
531.817	5.039
532.097	5.153
532.377	5.201
532.656	5.21
532.936	5.21
533.216	5.258
533.496	5.332
533.776	5.397
534.056	5.438
534.336	5.495
534.616	5.608
534.896	5.755
535.176	5.95
535.456	6.268
535.735	6.829
536.015	7.717
536.295	9.019
536.575	10.777
536.856	12.991
537.136	15.922
537.416	20.081
537.696	26.227
537.976	35.474
538.256	49.589
538.536	67.619
538.816	83.411
539.096	92.47
539.376	94.742
539.656	94.823
539.936	94.766
540.217	94.693
540.497	94.579
540.777	94.416
541.057	94.172
541.337	93.814
541.618	93.276
541.898	92.47
542.178	91.241
542.458	89.337
542.739	85.999
543.019	79.878
543.299	70.077
543.58	56.899
543.86	43.183
544.14	32.755
544.421	27.326
544.701	24.534
544.981	22.434
545.262	19.919
545.542	17.745
545.823	16.215
546.103	14.929
546.384	14.497
546.664	13.993
546.945	13.854
547.225	13.504
547.506	12.926
547.786	11.99
548.067	10.965
548.347	9.752
548.628	8.441
548.908	7.22
549.189	6.333
549.47	5.845
549.75	5.551
550.031	5.21
550.312	4.794
550.592	4.396
550.873	4.168
551.154	4.062
551.434	4.029
551.715	3.989
551.996	3.948
552.277	3.899
552.557	3.842
552.838	3.761
553.119	3.696
553.4	3.655
553.681	3.655
553.962	3.655
554.242	3.647
554.523	3.59
554.804	3.5
555.085	3.386
555.366	3.289
555.647	3.223
555.928	3.191
556.209	3.175
556.49	3.15
556.771	3.134
557.052	3.134
557.333	3.109
557.614	3.085
557.895	3.053
558.176	3.053
558.457	3.053
558.738	3.077
559.019	3.118
559.3	3.166
559.581	3.207
559.863	3.264
560.144	3.346
560.425	3.419
560.706	3.476
560.987	3.5
561.268	3.525
561.55	3.541
561.831	3.549
562.112	3.598
562.393	3.663
562.675	3.753
562.956	3.785
563.237	3.793
563.518	3.785
563.8	3.801
564.081	3.834
564.362	3.891
564.644	3.948
564.925	3.989
565.206	4.037
565.488	4.111
565.769	4.241
566.051	4.387
566.332	4.542
566.613	4.697
566.895	4.86
567.176	5.071
567.458	5.356
567.739	5.763
568.021	6.3
568.302	7.106
568.584	8.287
568.865	9.972
569.147	12.153
569.428	14.79
569.71	18.071
569.991	22.556
570.273	29.06
570.554	37.753
570.836	47.53
571.117	57.46
571.399	66.146
571.68	73.211
571.962	77.387
572.244	78.779
572.525	79.772
572.807	81.018
573.088	82.865
573.37	83.484
573.652	82.702
573.933	79.593
574.215	72.861
574.497	63.932
574.778	55.425
575.06	48.457
575.342	42.637
575.623	36.882
575.905	31.445
576.187	25.576
576.468	19.463
576.75	14.676
577.032	12.047
577.313	11.241
577.595	10.875
577.877	10.582
578.158	10.313
578.44	9.744
578.722	9.068
579.004	8.352
579.285	7.823
579.567	7.391
579.849	7.017
580.131	6.74
580.412	6.406
580.694	5.991
580.976	5.397
581.257	4.819
581.539	4.314
581.821	4.013
582.103	3.818
582.384	3.679
582.666	3.573
582.948	3.468
583.23	3.346
583.511	3.175
583.793	3.012
584.075	2.882
584.357	2.833
584.638	2.808
584.92	2.792
585.202	2.751
585.484	2.711
585.765	2.654
586.047	2.613
586.329	2.589
586.611	2.589
586.892	2.572
587.174	2.532
587.456	2.475
587.738	2.442
588.019	2.434
588.301	2.426
588.583	2.401
588.864	2.361
589.146	2.336
589.428	2.328
589.709	2.344
589.991	2.352
590.273	2.344
590.554	2.328
590.836	2.312
591.118	2.312
591.399	2.312
591.681	2.312
591.963	2.304
592.244	2.304
592.526	2.312
592.808	2.32
593.089	2.304
593.371	2.279
593.653	2.255
593.934	2.247
594.216	2.23
594.497	2.206
594.779	2.173
595.06	2.149
595.342	2.141
595.623	2.149
595.905	2.173
596.187	2.198
596.468	2.222
596.75	2.239
597.031	2.239
597.313	2.239
597.594	2.222
597.875	2.214
598.157	2.19
598.438	2.198
598.72	2.214
599.001	2.23
599.283	2.239
599.564	2.247
599.845	2.255
600.127	2.263
600.408	2.279
600.689	2.312
600.971	2.328
601.252	2.328
601.533	2.312
601.814	2.295
602.096	2.271
602.377	2.255
602.658	2.23
602.939	2.214
603.221	2.206
603.502	2.206
603.783	2.198
604.064	2.173
604.345	2.149
604.626	2.125
604.907	2.108
605.188	2.092
605.469	2.084
605.751	2.068
606.032	2.059
606.313	2.051
606.594	2.051
606.874	2.051
607.155	2.035
607.436	1.994
607.717	1.954
607.998	1.929
608.279	1.913
608.56	1.888
608.841	1.856
609.121	1.848
609.402	1.848
609.683	1.848
609.964	1.848
610.244	1.84
610.525	1.84
610.806	1.823
611.086	1.815
611.367	1.807
611.648	1.791
611.928	1.775
612.209	1.758
612.489	1.758
612.77	1.758
613.05	1.758
613.331	1.758
613.611	1.758
613.892	1.75
614.172	1.742
614.452	1.734
614.733	1.742
615.013	1.75
615.293	1.75
615.574	1.734
615.854	1.726
616.134	1.726
616.414	1.734
616.694	1.742
616.974	1.766
617.255	1.799
617.535	1.823
617.815	1.832
618.095	1.823
618.375	1.799
618.655	1.775
618.934	1.758
619.214	1.758
619.494	1.742
619.774	1.734
620.054	1.726
620.334	1.726
620.613	1.701
620.893	1.693
621.173	1.685
621.453	1.685
621.732	1.661
622.012	1.644
622.291	1.636
622.571	1.628
622.85	1.62
623.13	1.62
623.409	1.636
623.689	1.652
623.968	1.661
624.247	1.661
624.527	1.652
624.806	1.644
625.085	1.628
625.364	1.62
625.644	1.604
625.923	1.595
626.202	1.587
626.481	1.579
626.76	1.579
627.039	1.579
627.318	1.587
627.597	1.579
627.876	1.571
628.155	1.579
628.433	1.595
628.712	1.612
628.991	1.604
629.27	1.604
629.548	1.595
629.827	1.595
630.106	1.595
630.384	1.604
630.663	1.612
630.941	1.612
631.22	1.612
631.498	1.62
631.777	1.636
632.055	1.652
632.333	1.652
632.612	1.644
632.89	1.628
633.168	1.62
633.446	1.604
633.724	1.595
634.002	1.604
634.28	1.628
634.558	1.652
634.836	1.661
635.114	1.661
635.392	1.661
635.67	1.652
635.948	1.644
636.226	1.628
636.503	1.604
636.781	1.595
637.059	1.587
637.336	1.595
637.614	1.579
637.892	1.579
638.169	1.571
638.447	1.571
638.724	1.563
639.001	1.579
639.279	1.587
639.556	1.587
639.833	1.571
640.11	1.571
640.388	1.579
640.665	1.595
640.942	1.595
641.219	1.571
641.496	1.538
641.773	1.53
642.05	1.555
642.327	1.579
642.603	1.595
642.88	1.595
643.157	1.587
643.434	1.579
643.71	1.587
643.987	1.604
644.264	1.612
644.54	1.612
644.817	1.612
645.093	1.595
645.369	1.579
645.646	1.571
645.922	1.587
646.198	1.604
646.475	1.604
646.751	1.587
647.027	1.571
647.303	1.547
647.579	1.53
647.855	1.538
648.131	1.555
648.407	1.571
648.683	1.571
648.959	1.579
649.235	1.587
649.51	1.579
649.786	1.579
650.062	1.579
650.337	1.587
650.613	1.579
650.888	1.571
651.164	1.571
651.439	1.579
651.715	1.579
651.99	1.571
652.265	1.579
652.541	1.587
652.816	1.595
653.091	1.579
653.366	1.571
653.641	1.571
653.916	1.579
654.191	1.587
654.466	1.579
654.741	1.571
655.016	1.571
655.291	1.579
655.565	1.587
655.84	1.595
656.115	1.604
656.389	1.604
656.664	1.587
656.938	1.571
657.213	1.563
657.487	1.563
657.762	1.563
658.036	1.563
658.31	1.563
658.585	1.563
658.859	1.563
659.133	1.563
659.407	1.571
659.681	1.571
659.955	1.571
660.229	1.563
660.503	1.563
660.777	1.563
661.051	1.563
661.325	1.571
661.599	1.571
661.872	1.579
662.146	1.579
662.42	1.587
662.693	1.587
662.967	1.595
663.24	1.612
663.514	1.628
663.787	1.636
664.06	1.636
664.334	1.644
664.607	1.652
664.88	1.661
665.153	1.661
665.427	1.669
665.7	1.677
665.973	1.677
666.246	1.661
666.519	1.636
666.792	1.612
667.064	1.587
667.337	1.579
667.61	1.579
667.883	1.579
668.155	1.579
668.428	1.587
668.701	1.595
668.973	1.587
669.246	1.579
669.518	1.579
669.791	1.579
670.063	1.571
670.335	1.547
670.608	1.547
670.88	1.555
671.152	1.579
671.424	1.563
671.696	1.53
671.968	1.522
672.24	1.538
672.512	1.571
672.784	1.579
673.056	1.587
673.328	1.579
673.6	1.571
673.872	1.547
674.143	1.522
674.415	1.49
674.687	1.481
674.958	1.49
675.23	1.506
675.501	1.53
675.773	1.563
676.044	1.595
676.316	1.612
676.587	1.62
676.858	1.628
677.13	1.628
677.401	1.612
677.672	1.604
677.943	1.604
678.214	1.612
678.485	1.604
678.756	1.595
679.027	1.587
679.298	1.587
679.569	1.587
679.84	1.579
680.111	1.579
680.382	1.587
680.652	1.595
680.923	1.595
681.194	1.587
681.464	1.587
681.735	1.595
682.006	1.62
682.276	1.652
682.547	1.677
682.817	1.709
683.087	1.75
683.358	1.823
683.628	1.913
683.898	2.035
684.169	2.173
684.439	2.287
684.709	2.352
684.979	2.352
685.249	2.32
685.519	2.263
685.789	2.214
686.059	2.141
686.329	2.059
686.599	1.97
686.869	1.921
687.139	1.888
687.409	1.872
687.678	1.84
687.948	1.807
688.218	1.758
688.487	1.718
688.757	1.693
689.027	1.677
689.296	1.677
689.566	1.677
689.835	1.677
690.105	1.669
690.374	1.652
690.644	1.644
690.913	1.62
691.182	1.604
691.452	1.587
691.721	1.579
691.99	1.579
692.259	1.579
692.528	1.587
692.797	1.587
693.067	1.587
693.336	1.587
693.605	1.587
693.874	1.595
694.143	1.595
694.412	1.604
694.68	1.595
694.949	1.571
695.218	1.53
695.487	1.498
695.756	1.498
696.025	1.522
696.293	1.555
696.562	1.571
696.831	1.547
697.099	1.522
697.368	1.506
697.637	1.514
697.905	1.506
698.174	1.49
698.442	1.481
698.711	1.481
698.979	1.49
699.248	1.49
699.516	1.498
699.784	1.522
700.053	1.53
700.321	1.547
700.589	1.547
700.858	1.563
701.126	1.571
701.394	1.595
701.662	1.628
701.93	1.652
702.199	1.677
702.467	1.677
702.735	1.677
703.003	1.661
703.271	1.669
703.539	1.669
703.807	1.644
704.075	1.612
704.343	1.579
704.611	1.571
704.879	1.563
705.147	1.563
705.414	1.547
705.682	1.522
705.95	1.49
706.218	1.473
706.486	1.465
706.754	1.465
707.021	1.465
707.289	1.465
707.557	1.457
707.824	1.449
708.092	1.441
708.36	1.433
708.627	1.416
708.895	1.4
709.163	1.4
709.43	1.408
709.698	1.408
709.965	1.384
710.233	1.359
710.5	1.351
710.768	1.359
711.035	1.368
711.303	1.368
711.57	1.351
711.838	1.327
712.105	1.302
712.373	1.294
712.64	1.286
712.907	1.278
713.175	1.278
713.442	1.286
713.71	1.286
713.977	1.286
714.244	1.286
714.511	1.286
714.779	1.278
715.046	1.27
715.313	1.286
715.581	1.294
715.848	1.294
716.115	1.286
716.382	1.294
716.65	1.311
716.917	1.319
717.184	1.319
717.451	1.319
717.718	1.302
717.985	1.286
718.253	1.27
718.52	1.27
718.787	1.262
719.054	1.254
719.321	1.245
719.588	1.245
719.855	1.245
720.123	1.254
720.39	1.27
720.657	1.286
720.924	1.286
721.191	1.278
721.458	1.27
721.725	1.27
721.992	1.27
722.259	1.262
722.526	1.262
722.793	1.262
723.06	1.27
723.327	1.262
723.594	1.262
723.861	1.254
724.128	1.245
724.395	1.229
724.663	1.221
724.93	1.221
725.197	1.221
725.464	1.221
725.731	1.237
725.998	1.254
726.265	1.27
726.532	1.27
726.799	1.262
727.066	1.254
727.333	1.237
727.6	1.237
727.867	1.237
728.134	1.237
728.401	1.221
728.668	1.205
728.935	1.205
729.202	1.221
729.469	1.237
729.736	1.245
730.003	1.237
730.27	1.229
730.537	1.221
730.804	1.221
731.071	1.237
731.338	1.254
731.605	1.27
731.872	1.254
732.139	1.237
732.406	1.213
732.673	1.221
732.941	1.229
733.208	1.237
733.475	1.229
733.742	1.205
734.009	1.188
734.276	1.172
734.543	1.172
734.81	1.18
735.077	1.197
735.344	1.221
735.612	1.229
735.879	1.221
736.146	1.205
736.413	1.197
736.68	1.197
736.947	1.205
737.215	1.221
737.482	1.229
737.749	1.229
738.016	1.221
738.284	1.221
738.551	1.229
738.818	1.237
739.085	1.237
739.353	1.229
739.62	1.229
739.887	1.245
740.154	1.254
740.422	1.254
740.689	1.237
740.956	1.221
741.224	1.205
741.491	1.205
741.758	1.221
742.026	1.237
742.293	1.254
742.561	1.262
742.828	1.262
743.096	1.254
743.363	1.254
743.631	1.27
743.898	1.286
744.165	1.278
744.433	1.262
744.701	1.237
744.968	1.237
745.236	1.245
745.503	1.254
745.771	1.254
746.038	1.254
746.306	1.262
746.574	1.262
746.841	1.245
747.109	1.221
747.377	1.205
747.644	1.197
747.912	1.188
748.18	1.188
748.448	1.188
748.715	1.205
748.983	1.213
749.251	1.237
749.519	1.245
749.787	1.245
750.054	1.229
750.322	1.229
750.59	1.245
750.858	1.262
751.126	1.278
751.394	1.278
751.662	1.27
751.93	1.254
752.198	1.245
752.466	1.254
752.734	1.262
753.002	1.262
753.27	1.245
753.538	1.229
753.806	1.221
754.075	1.237
754.343	1.254
754.611	1.27
754.879	1.254
755.147	1.229
755.416	1.205
755.684	1.213
755.952	1.229
756.22	1.245
756.489	1.254
756.757	1.262
757.026	1.262
757.294	1.254
757.562	1.245
757.831	1.254
758.099	1.254
758.368	1.254
758.636	1.245
758.905	1.245
759.173	1.245
759.442	1.229
759.71	1.213
759.979	1.213
760.248	1.229
760.516	1.245
760.785	1.245
761.054	1.254
761.322	1.254
761.591	1.254
761.86	1.254
762.129	1.27
762.398	1.278
762.666	1.27
762.935	1.245
763.204	1.229
763.473	1.221
763.742	1.221
764.011	1.221
764.28	1.229
764.549	1.237
764.818	1.254
765.087	1.262
765.356	1.27
765.625	1.27
765.894	1.27
766.163	1.27
766.432	1.262
766.701	1.245
766.971	1.237
767.24	1.237
767.509	1.254
767.778	1.27
768.048	1.286
768.317	1.286
768.586	1.278
768.856	1.262
769.125	1.245
769.394	1.229
769.664	1.213
769.933	1.197
770.203	1.188
770.472	1.188
770.742	1.205
771.011	1.221
771.281	1.237
771.55	1.237
771.82	1.221
772.09	1.197
772.359	1.18
772.629	1.164
772.899	1.164
773.168	1.164
773.438	1.18
773.708	1.188
773.978	1.197
774.247	1.213
774.517	1.237
774.787	1.262
775.057	1.262
775.327	1.254
775.597	1.229
775.866	1.221
776.136	1.221
776.406	1.237
776.676	1.254
776.946	1.245
777.216	1.237
777.486	1.229
777.756	1.237
778.027	1.245
778.297	1.245
778.567	1.237
778.837	1.221
779.107	1.205
779.377	1.205
779.647	1.213
779.918	1.221
780.188	1.221
780.458	1.221
780.728	1.221
780.999	1.221
781.269	1.221
781.539	1.221
781.81	1.221
782.08	1.229
782.35	1.237
782.621	1.245
782.891	1.237
783.161	1.229
783.432	1.213
783.702	1.205
783.973	1.197
784.243	1.205
784.514	1.213
784.784	1.221
785.055	1.229
785.325	1.237
785.596	1.237
785.866	1.221
786.137	1.205
786.408	1.205
786.678	1.205
786.949	1.197
787.22	1.18
787.49	1.18
787.761	1.188
788.031	1.197
788.302	1.197
788.573	1.188
788.844	1.18
789.114	1.18
789.385	1.188
789.656	1.197
789.927	1.197
790.197	1.197
790.468	1.197
790.739	1.188
791.01	1.18
791.28	1.172
791.551	1.164
791.822	1.164
792.093	1.156
792.364	1.156
792.634	1.164
792.905	1.188
793.176	1.205
793.447	1.213
793.718	1.213
793.989	1.221
794.26	1.221
794.53	1.213
794.801	1.197
795.072	1.188
795.343	1.197
795.614	1.205
795.885	1.205
796.156	1.205
796.427	1.205
796.698	1.205
796.968	1.197
797.239	1.197
797.51	1.205
797.781	1.213
798.052	1.221
798.323	1.213
798.594	1.205
798.865	1.197
799.136	1.197
799.407	1.197
799.677	1.197
799.948	1.197
800.219	1.188
800.49	1.18
800.761	1.18
801.032	1.18
801.303	1.188
801.574	1.197
801.844	1.205
802.115	1.197
802.386	1.18
802.657	1.172
802.928	1.164
803.198	1.164
803.469	1.156
803.74	1.164
804.011	1.172
804.282	1.18
804.552	1.188
804.823	1.188
805.094	1.197
805.365	1.197
805.635	1.197
805.906	1.197
806.177	1.197
806.447	1.188
806.718	1.18
806.989	1.172
807.259	1.172
807.53	1.164
807.8	1.164
808.071	1.172
808.342	1.188
808.612	1.197
808.883	1.197
809.153	1.197
809.424	1.188
809.694	1.18
809.964	1.18
810.235	1.188
810.505	1.197
810.776	1.197
811.046	1.205
811.316	1.205
811.586	1.205
811.857	1.205
812.127	1.213
812.397	1.221
812.667	1.229
812.937	1.245
813.208	1.245
813.478	1.229
813.748	1.205
814.018	1.197
814.288	1.197
814.558	1.197
814.828	1.205
815.098	1.213
815.367	1.221
815.637	1.213
815.907	1.205
816.177	1.188
816.447	1.18
816.716	1.172
816.986	1.18
817.256	1.188
817.525	1.205
817.795	1.213
818.064	1.213
818.334	1.197
818.603	1.188
818.872	1.188
819.142	1.197
819.411	1.188
819.68	1.18
819.949	1.18
820.219	1.188
820.488	1.197
820.757	1.197
821.026	1.188
821.295	1.18
821.564	1.172
821.833	1.18
822.101	1.188
822.37	1.197
822.639	1.197
822.908	1.205
823.176	1.197
823.445	1.188
823.713	1.172
823.982	1.172
824.25	1.156
824.518	1.131
824.787	1.123
825.055	1.14
825.323	1.164
825.591	1.172
825.859	1.164
826.127	1.156
826.395	1.148
826.663	1.148
826.931	1.156
827.199	1.172
827.466	1.188
827.734	1.197
828.001	1.188
828.269	1.172
828.536	1.164
828.804	1.164
829.071	1.172
829.338	1.172
829.605	1.172
829.872	1.172
830.139	1.164
830.406	1.164
830.673	1.172
830.94	1.18
831.206	1.18
831.473	1.18
831.74	1.172
832.006	1.164
832.272	1.156
832.539	1.156
832.805	1.148
833.071	1.14
833.337	1.148
833.603	1.172
833.869	1.188
834.135	1.188
834.401	1.172
834.666	1.156
834.932	1.148
835.197	1.148
835.463	1.156
835.728	1.172
835.993	1.188
836.258	1.188
836.523	1.172
836.788	1.148
837.053	1.14
837.318	1.148
837.583	1.172
837.847	1.197
838.112	1.213
838.376	1.221
838.64	1.221
838.904	1.221
839.169	1.213
839.433	1.205
839.696	1.188
839.96	1.172
840.224	1.148
840.488	1.131
840.751	1.131
841.014	1.148
841.278	1.172
841.541	1.188
841.804	1.197
842.067	1.205
842.33	1.205
842.592	1.205
842.855	1.197
843.118	1.197
843.38	1.197
843.642	1.197
843.904	1.188
844.167	1.18
844.429	1.164
844.69	1.148
844.952	1.131
845.214	1.131
845.475	1.14
845.737	1.14
845.998	1.131
846.259	1.131
846.52	1.148
846.781	1.156
847.042	1.156
847.302	1.156
847.563	1.164
847.823	1.172
848.084	1.164
848.344	1.148
848.604	1.14
848.864	1.14
849.123	1.156
849.383	1.164
849.643	1.164
849.902	1.156
850.161	1.156
850.42	1.164
850.679	1.172
850.938	1.172
851.197	1.172
851.456	1.172
851.714	1.172
851.972	1.172
852.231	1.172
852.489	1.18
852.746	1.18
853.004	1.18
853.262	1.172
853.519	1.172
853.777	1.18
854.034	1.18
854.291	1.172
854.548	1.156
854.805	1.14
855.061	1.123
855.318	1.099
855.574	1.091
855.83	1.099
856.086	1.115
856.342	1.123
856.598	1.123
856.854	1.115
857.109	1.107
857.364	1.099
857.62	1.107
857.875	1.115
858.129	1.123
858.384	1.115
858.639	1.115
858.893	1.115
859.147	1.123
859.401	1.131
859.655	1.14
859.909	1.14
860.163	1.14
860.416	1.14
860.669	1.14
860.923	1.123
861.176	1.107
861.428	1.099
861.681	1.099
861.934	1.107
862.186	1.123
862.438	1.131
862.69	1.131
862.942	1.14
863.194	1.148
863.445	1.156
863.696	1.148
863.948	1.156
864.199	1.156
864.449	1.148
864.7	1.131
864.951	1.123
865.201	1.123
865.451	1.123
865.701	1.115
865.951	1.107
866.201	1.099
866.45	1.099
866.699	1.107
866.948	1.115
867.197	1.107
867.446	1.099
867.695	1.091
867.943	1.099
868.192	1.099
868.44	1.099
868.688	1.107
868.935	1.115
869.183	1.123
869.43	1.14
869.678	1.164
869.925	1.18
870.172	1.164
870.418	1.148
870.665	1.131
870.911	1.123
871.157	1.107
871.403	1.099
871.649	1.099
871.895	1.099
872.14	1.107
872.385	1.123
872.63	1.131
872.875	1.14
873.12	1.148
873.365	1.156
873.609	1.148
873.853	1.131
874.097	1.115
874.341	1.107
874.585	1.099
874.828	1.107
875.071	1.107
875.315	1.107
875.557	1.099
875.8	1.099
876.043	1.099
876.285	1.099
876.527	1.107
876.769	1.115
877.011	1.123
877.253	1.115
877.494	1.107
877.736	1.099
877.977	1.099
878.218	1.107
878.458	1.107
878.699	1.115
878.939	1.115
879.179	1.123
879.419	1.115
879.659	1.115
879.899	1.115
880.138	1.115
880.378	1.107
880.617	1.091
880.856	1.083
881.094	1.074
881.333	1.074
881.571	1.074
881.809	1.074
882.048	1.091
882.285	1.115
882.523	1.14
882.76	1.148
882.998	1.14
883.235	1.131
883.472	1.123
883.709	1.123
883.945	1.123
884.182	1.115
884.418	1.107
884.654	1.091
884.89	1.091
885.125	1.091
885.361	1.099
885.596	1.099
885.832	1.107
886.067	1.115
886.301	1.123
886.536	1.123
886.77	1.123
887.005	1.123
887.239	1.115
887.473	1.099
887.707	1.083
887.94	1.091
888.174	1.115
888.407	1.14
888.64	1.148
888.873	1.14
889.106	1.131
889.339	1.115
889.571	1.107
889.803	1.099
890.036	1.099
890.268	1.099
890.499	1.107
890.731	1.123
890.963	1.131
891.194	1.131
891.425	1.115
891.656	1.107
891.887	1.107
892.118	1.115
892.348	1.123
892.579	1.123
892.809	1.115
893.039	1.099
893.269	1.091
893.499	1.091
893.729	1.107
893.958	1.123
894.188	1.14
894.417	1.14
894.646	1.123
894.875	1.107
895.104	1.099
895.333	1.099
895.561	1.091
895.79	1.083
896.018	1.074
896.246	1.083
896.474	1.091
896.702	1.099
896.93	1.099
897.157	1.099
897.385	1.099
897.612	1.099
897.84	1.099
898.067	1.099
898.294	1.107
898.521	1.115
898.748	1.123
898.974	1.123
899.201	1.115
899.428	1.115
899.654	1.115
899.88	1.115
900.106	1.099
900.332	1.083
900.558	1.074
900.784	1.083
901.01	1.083
901.236	1.083
901.461	1.074
901.687	1.074
901.912	1.074
902.138	1.074
902.363	1.074
902.588	1.083
902.813	1.091
903.038	1.091
903.263	1.091
903.488	1.091
903.713	1.107
903.938	1.107
904.162	1.107
904.387	1.099
904.611	1.107
904.836	1.123
905.06	1.148
905.285	1.156
905.509	1.148
905.733	1.131
905.958	1.123
906.182	1.131
906.406	1.123
906.63	1.115
906.854	1.099
907.078	1.115
907.302	1.131
907.526	1.14
907.75	1.14
907.974	1.14
908.198	1.14
908.422	1.123
908.646	1.107
908.87	1.091
909.094	1.091
909.318	1.099
909.542	1.123
909.766	1.148
909.99	1.156
910.214	1.148
910.438	1.123
910.662	1.107
910.886	1.107
911.11	1.115
911.334	1.115
911.558	1.115
911.783	1.115
912.007	1.123
912.231	1.123
912.455	1.123
912.68	1.123
912.904	1.123
913.129	1.115
913.353	1.107
913.578	1.099
913.802	1.099
914.027	1.107
914.252	1.115
914.477	1.115
914.702	1.115
914.927	1.115
915.152	1.131
915.378	1.14
915.603	1.148
915.828	1.148
916.054	1.156
916.28	1.164
916.506	1.164
916.732	1.156
916.958	1.148
917.184	1.14
917.411	1.131
917.637	1.115
917.864	1.107
918.091	1.099
918.318	1.091
918.545	1.083
918.772	1.074
919	1.083
919.228	1.091
919.456	1.099
919.684	1.091
919.912	1.083
920.14	1.074
920.369	1.083
920.598	1.091
920.827	1.091
921.057	1.083
921.286	1.083
921.516	1.099
921.746	1.107
921.976	1.107
922.207	1.099
922.438	1.107
922.669	1.115
922.9	1.115
923.132	1.107
923.364	1.099
923.596	1.099
923.828	1.099
924.061	1.091
924.294	1.083
924.528	1.074
924.761	1.083
924.996	1.099
925.23	1.115
925.465	1.123
925.7	1.123
925.935	1.123
926.171	1.123
926.407	1.123
926.643	1.123
926.88	1.115
927.118	1.115
927.355	1.115
927.593	1.115
927.832	1.107
928.071	1.099
928.31	1.107
928.55	1.107
928.79	1.107
929.03	1.091
929.271	1.083
929.513	1.083
929.755	1.091
929.997	1.099
930.24	1.099
930.484	1.091
930.727	1.099
930.972	1.107
931.217	1.123
931.462	1.131
931.708	1.131
931.954	1.131
932.201	1.115
932.449	1.115
932.697	1.115
932.946	1.131
933.195	1.14
933.445	1.14
933.695	1.131
933.946	1.115
934.198	1.107
934.45	1.107
934.703	1.115
934.957	1.123
935.211	1.115
935.466	1.099
935.721	1.083
935.977	1.091
936.234	1.107
936.492	1.131
936.75	1.14
937.009	1.148
937.268	1.148
937.529	1.14
937.79	1.131
938.052	1.123
938.314	1.115
938.578	1.115
938.842	1.123
939.107	1.14
939.373	1.14
939.639	1.131
939.907	1.131
940.175	1.131
940.444	1.131
940.714	1.123
940.984	1.123
941.256	1.123
941.529	1.123
941.802	1.131
942.076	1.14
942.351	1.148
942.628	1.148
942.905	1.14
943.183	1.131
943.462	1.123
943.742	1.123
944.022	1.115
944.304	1.107
944.587	1.099
944.871	1.107
945.156	1.115
945.442	1.123
945.729	1.115
946.017	1.099
946.306	1.091
946.597	1.091
946.888	1.099
947.181	1.091
947.474	1.091
947.769	1.099
948.065	1.099
948.362	1.083
948.66	1.066
948.959	1.066
949.26	1.083
949.562	1.091
949.865	1.099
950.169	1.091

